{
 "cells": [
  {
   "cell_type": "code",
   "execution_count": 56,
   "id": "96a0eab5",
   "metadata": {},
   "outputs": [],
   "source": [
    "import torch\n",
    "import schnetpack as spk\n",
    "import math\n",
    "from schnetpack.datasets import QM9\n",
    "\n",
    "\n",
    "import numpy as np\n",
    "from numpy import savetxt"
   ]
  },
  {
   "cell_type": "code",
   "execution_count": null,
   "id": "c7bc430a",
   "metadata": {},
   "outputs": [],
   "source": []
  },
  {
   "cell_type": "code",
   "execution_count": 57,
   "id": "e553b0d9",
   "metadata": {},
   "outputs": [],
   "source": [
    "def hydrogen_nbh_matrix(number_atoms,atom_numb,x,y,z):\n",
    "    #Returns the connections to the hydrogens\n",
    "    count_H = 0\n",
    "    for i in range(number_atoms):\n",
    "        if atom_numb[i] == 1:\n",
    "            count_H = count_H + 1\n",
    "            \n",
    "    hydrogen_nbh_distx = np.zeros((count_H,number_atoms))\n",
    "    hydrogen_nbh_disty = np.zeros((count_H,number_atoms))\n",
    "    hydrogen_nbh_distz = np.zeros((count_H,number_atoms))\n",
    "    hydrogen_nbh_distance = np.zeros((count_H,number_atoms))\n",
    "    \n",
    "    count_H=0\n",
    "    for i in range(number_atoms):\n",
    "        if atom_numb[i] == 1:\n",
    "            for j in range(number_atoms):\n",
    "                hydrogen_nbh_distx[count_H][j] = x[i] - x[j]\n",
    "                hydrogen_nbh_disty[count_H][j] = y[i] - y[j]\n",
    "                hydrogen_nbh_distz[count_H][j] = z[i] - z[j]\n",
    "                hydrogen_nbh_distance[count_H][j] = math.sqrt(hydrogen_nbh_distx[count_H][j]**2 + hydrogen_nbh_distx[count_H][j]**2 + hydrogen_nbh_distx[count_H][j]**2)\n",
    "            count_H=count_H+1\n",
    "    \n",
    "    nbh_idx=np.zeros((count_H))\n",
    "    for i in range(count_H):\n",
    "        nbh_next_shortest = hydrogen_nbh_distance[i][0] \n",
    "        nbh_next_minimum = 0\n",
    "        for j in range(number_atoms):\n",
    "            if nbh_next_minimum < nbh_next_shortest < hydrogen_nbh_distance[i][j] and atom_numb[j]!=1:\n",
    "                nbh_next_shortest = hydrogen_nbh_distance[i][j]\n",
    "                nbh_next_minimum = hydrogen_nbh_distance[i][j]\n",
    "                nbh_idx[i] = j\n",
    "            \n",
    "    print(hydrogen_nbh_distance)\n",
    "    return nbh_idx\n",
    "            \n",
    "\n",
    "\n",
    "    \n",
    "def Neighbors_Regression(num_mol):\n",
    "    \n",
    "    from schnetpack.datasets import QM9\n",
    "\n",
    "    qm9data = QM9('./qm9.db', download=True, remove_uncharacterized=True)\n",
    "\n",
    "    for idx in range(num_mol):\n",
    "        \n",
    "        ##Loading important data, converting tensors to numpy arrays \n",
    "        at, props = qm9data.get_properties(idx)\n",
    "        x = props['_positions'][ :,0]\n",
    "        y = props['_positions'][ :,1]\n",
    "        z = props['_positions'][ :,2] \n",
    "    \n",
    "        x=x.detach().numpy()\n",
    "        y=y.detach().numpy()\n",
    "        z=z.detach().numpy()\n",
    "        \n",
    "        number_atoms = len(z)\n",
    "        \n",
    "        atom_numb = props['_atomic_numbers']\n",
    "        \n",
    "        atom_numb = atom_numb.detach().numpy()\n",
    "        \n",
    "        nbh_idx = hydrogen_nbh_matrix(number_atoms,atom_numb,x,y,z)\n",
    "        \n",
    "        \n",
    "        \n",
    "        \n",
    "        \n",
    "        \n",
    "\n"
   ]
  },
  {
   "cell_type": "code",
   "execution_count": 58,
   "id": "489cc47e",
   "metadata": {},
   "outputs": [
    {
     "name": "stdout",
     "output_type": "stream",
     "text": [
      "[[0.02571845 0.         1.7486445  0.94044378 0.91099641]\n",
      " [1.77436301 1.7486445  0.         2.68908818 2.65964091]\n",
      " [0.91472527 0.94044378 2.68908818 0.         0.02944738]\n",
      " [0.8852779  0.91099641 2.65964091 0.02944738 0.        ]]\n",
      "[[0.09991077 0.         1.55630293 0.93103826]\n",
      " [1.65621373 1.55630293 0.         2.48734119]\n",
      " [0.83112746 0.93103826 2.48734119 0.        ]]\n",
      "[[0.17169297 0.         1.39780637]\n",
      " [1.56949926 1.39780637 0.        ]]\n",
      "[[3.91647521 1.8396096  0.         5.75608502]\n",
      " [1.8396096  3.91647521 5.75608502 0.        ]]\n",
      "[[0.02507796 0.05215797 0.        ]]\n",
      "[[1.60896776 1.58074975 0.         3.24598433]\n",
      " [1.63701667 1.66523469 3.24598433 0.        ]]\n",
      "[[1.75556642 1.71952635 0.         2.66207362 2.63291459 0.81300078\n",
      "  3.47509856 0.84220369]\n",
      " [0.90650709 0.94254716 2.66207362 0.         0.02915903 1.84907263\n",
      "  0.81302525 1.81986983]\n",
      " [0.87734806 0.91338813 2.63291459 0.02915903 0.         1.8199136\n",
      "  0.84218428 1.79071079]\n",
      " [0.94256564 0.90652557 0.81300078 1.84907263 1.8199136  0.\n",
      "  2.66209798 0.02920291]\n",
      " [1.71953234 1.75557241 3.47509856 0.81302525 0.84218428 2.66209798\n",
      "  0.         2.63289518]\n",
      " [0.91336273 0.87732266 0.84220369 1.81986983 1.79071079 0.02920291\n",
      "  2.63289518 0.        ]]\n",
      "[[1.75780917 1.7572587  0.         2.69014885 2.64912341 0.97889137]\n",
      " [0.93233979 0.93289015 2.69014885 0.         0.04102544 1.71125748]\n",
      " [0.89131434 0.8918647  2.64912341 0.04102544 0.         1.67023204]\n",
      " [0.77891775 0.77836728 0.97889137 1.71125748 1.67023204 0.        ]]\n",
      "[[1.75914549 1.72466184 1.69651134 0.         2.66740402 2.63818222\n",
      "  1.67230465]\n",
      " [0.90825853 0.94274218 0.97089267 2.66740402 0.         0.0292219\n",
      "  0.99509936]\n",
      " [0.87903663 0.91352027 0.94167077 2.63818222 0.0292219  0.\n",
      "  0.96587746]\n",
      " [0.08684087 0.05235716 0.02420667 1.67230465 0.99509936 0.96587746\n",
      "  0.        ]]\n",
      "[[1.76654581 1.73255523 1.70499102 0.         2.67778153 2.64849159]\n",
      " [0.91123571 0.9452263  0.9727905  2.67778153 0.         0.02929004]\n",
      " [0.88194567 0.91593626 0.94350046 2.64849159 0.02929004 0.        ]]\n",
      "[[1.60341633 1.55313888 0.03377502 0.         3.09137015 1.85900043\n",
      "  3.14751402]\n",
      " [1.48795382 1.53823127 3.12514517 3.09137015 0.         1.23236972\n",
      "  0.05614386]\n",
      " [0.2555841  0.3058615  1.89277545 1.85900043 1.23236972 0.\n",
      "  1.28851358]\n",
      " [1.54409769 1.59437514 3.18128904 3.14751402 0.05614386 1.28851358\n",
      "  0.        ]]\n",
      "[[1.4744166  1.34907315 0.42691617 0.         3.00291147 3.09482162]\n",
      " [1.52849487 1.65383852 3.42982775 3.00291147 0.         0.09190994]\n",
      " [1.62040481 1.74574846 3.52173748 3.09482162 0.09190994 0.        ]]\n",
      "[[1.75058063 1.67559713 0.4466415  0.         2.66382867 2.63632413\n",
      "  0.80424659 3.44724239 1.34918486 0.41341973 1.3151919 ]\n",
      " [0.91324804 0.98823144 2.21718707 2.66382867 0.         0.02750443\n",
      "  1.85958187 0.78341383 4.01301332 2.25040894 1.34863666]\n",
      " [0.8857435  0.96072701 2.18968253 2.63632413 0.02750443 0.\n",
      "  1.83207754 0.81091826 3.98550899 2.2229044  1.32113223]\n",
      " [0.94633404 0.87135054 0.35760509 0.80424659 1.85958187 1.83207754\n",
      "  0.         2.6429958  2.15343145 0.39082686 0.51094531]\n",
      " [1.69666176 1.77164537 3.000601   3.44724239 0.78341383 0.81091826\n",
      "  2.6429958  0.         4.79642704 3.03382266 2.13205059]\n",
      " [3.09976549 3.02478188 1.79582646 1.34918486 4.01301332 3.98550899\n",
      "  2.15343145 4.79642704 0.         1.76260459 2.66437666]\n",
      " [1.3371609  1.2621774  0.03322177 0.41341973 2.25040894 2.2229044\n",
      "  0.39082686 3.03382266 1.76260459 0.         0.90177217]\n",
      " [0.43538868 0.3604052  0.86855041 1.3151919  1.34863666 1.32113223\n",
      "  0.51094531 2.13205059 2.66437666 0.90177217 0.        ]]\n",
      "[[1.76693151 1.73298656 0.57269383 0.         2.67278314 2.64705699\n",
      "  0.84482878 3.51919616 0.54773959]\n",
      " [0.90585153 0.93979648 2.10008926 2.67278314 0.         0.02572605\n",
      "  1.82795421 0.84641302 2.1250434 ]\n",
      " [0.88012548 0.91407043 2.07436311 2.64705699 0.02572605 0.\n",
      "  1.80222826 0.87213907 2.09931745]\n",
      " [0.92210278 0.88815783 0.27213495 0.84482878 1.82795421 1.80222826\n",
      "  0.         2.67436723 0.29708919]\n",
      " [1.75226445 1.78620961 2.94650229 3.51919616 0.84641302 0.87213907\n",
      "  2.67436723 0.         2.97145642]\n",
      " [1.21919197 1.18524702 0.02495424 0.54773959 2.1250434  2.09931745\n",
      "  0.29708919 2.97145642 0.        ]]\n",
      "[[1.7668739  1.74936965 0.6362423  0.         2.68845327 2.65923931\n",
      "  1.49882264 1.19055822 0.70267437]\n",
      " [0.92157947 0.93908372 2.05221086 2.68845327 0.         0.02921395\n",
      "  1.18963062 3.87901128 1.98577889]\n",
      " [0.89236551 0.90986977 2.02299691 2.65923931 0.02921395 0.\n",
      "  1.16041667 3.84979733 1.95656494]\n",
      " [0.2680511  0.25054685 0.86258039 1.49882264 1.18963062 1.16041667\n",
      "  0.         2.68938097 0.79614832]\n",
      " [2.95743212 2.93992787 1.82680042 1.19055822 3.87901128 3.84979733\n",
      "  2.68938097 0.         1.89323259]\n",
      " [1.06419942 1.04669517 0.06643207 0.70267437 1.98577889 1.95656494\n",
      "  0.79614832 1.89323259 0.        ]]\n",
      "[[0.50832549 2.78584061 0.54401356 0.         0.03003439 3.79379511\n",
      "  3.82381556 0.05981502 0.02978228]\n",
      " [0.53835987 2.8158749  0.57404795 0.03003439 0.         3.8238296\n",
      "  3.85385005 0.0898494  0.05981667]\n",
      " [3.28546967 1.00795459 3.24978144 3.79379511 3.8238296  0.\n",
      "  0.03002045 3.73398009 3.76401293]\n",
      " [3.31549012 1.03797505 3.27980189 3.82381556 3.85385005 0.03002045\n",
      "  0.         3.76400054 3.79403338]\n",
      " [0.44851047 2.7260256  0.48419855 0.05981502 0.0898494  3.73398009\n",
      "  3.76400054 0.         0.03003274]\n",
      " [0.47854321 2.75605823 0.51423128 0.02978228 0.05981667 3.76401293\n",
      "  3.79403338 0.03003274 0.        ]]\n",
      "[[0.57679104 2.74082295 0.54974091 0.         0.03055781 3.72408284\n",
      "  3.75459429]\n",
      " [0.60734885 2.77138065 0.58029872 0.03055781 0.         3.75464054\n",
      "  3.785152  ]\n",
      " [3.14729164 0.98325969 3.17434172 3.72408284 3.75464054 0.\n",
      "  0.03051145]\n",
      " [3.17780309 1.01377114 3.20485317 3.75459429 3.785152   0.03051145\n",
      "  0.        ]]\n",
      "[[1.03427189 1.10731266 1.21767117 2.91065403 0.         2.78763077\n",
      "  0.19578973 2.13230394 0.96109743 2.32578238]\n",
      " [1.75335877 1.68031801 4.00530183 0.12302348 2.78763077 0.\n",
      "  2.59184103 4.91993471 3.74872788 5.11341314]\n",
      " [0.83848216 0.91152292 1.4134609  2.7148643  0.19578973 2.59184103\n",
      "  0.         2.32809367 1.15688716 2.52157211]\n",
      " [3.16657573 3.2396166  0.91463267 5.04295798 2.13230394 4.91993471\n",
      "  2.32809367 0.         1.17120641 0.19347864]\n",
      " [1.99536931 2.06841019 0.25657374 3.87175156 0.96109743 3.74872788\n",
      "  1.15688716 1.17120641 0.         1.36468505]\n",
      " [3.36005437 3.43309503 1.10811131 5.23643682 2.32578238 5.11341314\n",
      "  2.52157211 0.19347864 1.36468505 0.        ]]\n",
      "[[1.57115014e+00 1.63039105e+00 4.57891474e-01 3.37944334e+00\n",
      "  0.00000000e+00 3.09121158e+00 1.63187603e+00 1.85355152e+00\n",
      "  4.79070186e-01]\n",
      " [1.52006134e+00 1.46082043e+00 3.54910305e+00 2.88231864e-01\n",
      "  3.09121158e+00 0.00000000e+00 1.45933545e+00 4.94476310e+00\n",
      "  3.57028177e+00]\n",
      " [6.07259266e-02 1.48503094e-03 2.08976750e+00 1.74756731e+00\n",
      "  1.63187603e+00 1.45933545e+00 0.00000000e+00 3.48542775e+00\n",
      "  2.11094621e+00]\n",
      " [3.42470176e+00 3.48394236e+00 1.39566004e+00 5.23299486e+00\n",
      "  1.85355152e+00 4.94476310e+00 3.48542775e+00 0.00000000e+00\n",
      "  1.37448133e+00]\n",
      " [2.05022043e+00 2.10946123e+00 2.11787123e-02 3.85851353e+00\n",
      "  4.79070186e-01 3.57028177e+00 2.11094621e+00 1.37448133e+00\n",
      "  0.00000000e+00]]\n",
      "[[1.33617622 1.44350107 0.71393488 3.24884734 0.         2.8851674\n",
      "  2.06421871 0.64873785]\n",
      " [1.54899118 1.44166632 3.59910218 0.36368005 2.8851674  0.\n",
      "  4.94938611 3.53390514]\n",
      " [3.40039472 3.50771979 1.35028373 5.31306605 2.06421871 4.94938611\n",
      "  0.         1.41548076]\n",
      " [1.98491396 2.09223903 0.06519703 3.89758508 0.64873785 3.53390514\n",
      "  1.41548076 0.        ]]\n"
     ]
    }
   ],
   "source": [
    "num_mol = 20\n",
    "\n",
    "Neighbors_Regression(num_mol)\n",
    "\n"
   ]
  },
  {
   "cell_type": "code",
   "execution_count": null,
   "id": "045022b9",
   "metadata": {},
   "outputs": [],
   "source": []
  },
  {
   "cell_type": "code",
   "execution_count": null,
   "id": "fc11efda",
   "metadata": {},
   "outputs": [],
   "source": []
  }
 ],
 "metadata": {
  "kernelspec": {
   "display_name": "Python 3",
   "language": "python",
   "name": "python3"
  },
  "language_info": {
   "codemirror_mode": {
    "name": "ipython",
    "version": 3
   },
   "file_extension": ".py",
   "mimetype": "text/x-python",
   "name": "python",
   "nbconvert_exporter": "python",
   "pygments_lexer": "ipython3",
   "version": "3.8.5"
  }
 },
 "nbformat": 4,
 "nbformat_minor": 5
}
