{
 "cells": [
  {
   "cell_type": "code",
   "execution_count": 2,
   "id": "a163fe28",
   "metadata": {},
   "outputs": [],
   "source": [
    "\n",
    "\n",
    "import pandas as pd\n",
    "import os\n",
    "\n",
    "import rdkit \n",
    "\n",
    "from schnetpack.datasets import QM9\n",
    "\n",
    "from DLChem.utils import utils\n",
    "\n",
    "from rdkit import Chem\n",
    "from rdkit import DataStructs\n",
    "from rdkit.Chem.Fingerprints import FingerprintMols\n",
    "\n",
    "\n",
    "from pandas import DataFrame\n",
    "\n",
    "from numpy import savetxt"
   ]
  },
  {
   "cell_type": "code",
   "execution_count": 5,
   "id": "26bc3d67",
   "metadata": {},
   "outputs": [],
   "source": [
    "\n",
    "#label file\n",
    "element = 'O'\n",
    "name_label = '5000'\n",
    "label_file = '../../data/label_qm9/O/label%s%s.csv' %(element,name_label)\n",
    "\n",
    "#data file\n",
    "qm9data = QM9('../../data/QM9/qm9.db', download=False, remove_uncharacterized=True)\n",
    "\n",
    "#number_molecules = 2\n",
    "label = pd.read_csv(label_file,delimiter=',')\n",
    "\n",
    "countO = 0\n",
    "ms = []\n",
    "for idx in range(500):\n",
    "    at, props = qm9data.get_properties(idx)\n",
    "    \n",
    "    atom_numb = props['_atomic_numbers']\n",
    "    number_atoms = len(props['_atomic_numbers'])\n",
    "    \n",
    "    for i in range(number_atoms):\n",
    "        if atom_numb[i] == 8:\n",
    "            if label['Target'][countO] == 2:\n",
    "                at, props = qm9data.get_properties(idx)\n",
    "                utils.write_xyz_from_db(props,idx)\n",
    "                utils.xyz_to_mol(idx)\n",
    "                \n",
    "                molfile = './%d.mol' % (idx)\n",
    "                mol = Chem.MolFromMolFile(molfile)\n",
    "                ms.append(mol)\n",
    "            countO = countO + 1  \n"
   ]
  },
  {
   "cell_type": "code",
   "execution_count": 6,
   "id": "f7e636bc",
   "metadata": {},
   "outputs": [
    {
     "name": "stdout",
     "output_type": "stream",
     "text": [
      "[[1.0, 0.4, 0.4, 0.4, 0.2, 0.25, 0.0, 0.0, 0.18181818181818182, 0.18181818181818182, 0.18181818181818182, 0.25, 0.13333333333333333, 0.10526315789473684, 0.10526315789473684, 0.13333333333333333, 0.13333333333333333, 0.16666666666666666, 0.15384615384615385, 0.14285714285714285, 0.1111111111111111, 0.2222222222222222, 0.2222222222222222, 0.2222222222222222, 0.2222222222222222, 0.2222222222222222, 0.2222222222222222, 0.25, 0.3333333333333333, 0.2857142857142857, 0.1111111111111111, 0.11428571428571428, 0.1111111111111111, 0.13333333333333333, 0.15384615384615385, 0.13333333333333333, 0.1, 0.16, 0.16666666666666666, 0.16666666666666666, 0.16666666666666666, 0.07547169811320754, 0.0975609756097561, 0.0, 0.08695652173913043, 0.0, 0.0, 0.0, 0.0, 0.0, 0.0, 0.0, 0.0, 0.0136986301369863, 0.0, 0.0, 0.0, 0.013888888888888888, 0.0, 0.18181818181818182, 0.11764705882352941, 0.11764705882352941, 0.14285714285714285, 0.15384615384615385, 0.14285714285714285, 0.11764705882352941, 0.13333333333333333, 0.11764705882352941, 0.2, 0.18181818181818182, 0.15384615384615385, 0.08695652173913043, 0.125, 0.09523809523809523, 0.08333333333333333, 0.0625, 0.0625, 0.10526315789473684, 0.06060606060606061, 0.1111111111111111, 0.1111111111111111, 0.125, 0.11764705882352941, 0.11764705882352941, 0.1111111111111111, 0.125, 0.1111111111111111, 0.13333333333333333, 0.13793103448275862, 0.13333333333333333, 0.15384615384615385, 0.15384615384615385, 0.07272727272727272, 0.07272727272727272, 0.07142857142857142, 0.08333333333333333, 0.08, 0.09090909090909091, 0.06896551724137931, 0.06896551724137931, 0.06896551724137931, 0.06557377049180328, 0.05970149253731343, 0.06349206349206349, 0.06349206349206349, 0.08, 0.08333333333333333, 0.05555555555555555, 0.05970149253731343, 0.07142857142857142, 0.07142857142857142, 0.07142857142857142, 0.09302325581395349, 0.09302325581395349, 0.07272727272727272, 0.07407407407407407, 0.07142857142857142, 0.07142857142857142, 0.05714285714285714, 0.09090909090909091, 0.09090909090909091, 0.08163265306122448, 0.06153846153846154, 0.0625, 0.06451612903225806, 0.08163265306122448, 0.09090909090909091, 0.09523809523809523, 0.08333333333333333, 0.08333333333333333, 0.10526315789473684, 0.10526315789473684, 0.0851063829787234, 0.041666666666666664, 0.0449438202247191, 0.045454545454545456, 0.041666666666666664, 0.14285714285714285, 0.14285714285714285, 0.14285714285714285, 0.14285714285714285, 0.14285714285714285, 0.15384615384615385], [0.4, 1.0, 0.25, 0.6666666666666666, 0.5, 0.4444444444444444, 0.0, 0.0, 0.3333333333333333, 0.3333333333333333, 0.14285714285714285, 0.4444444444444444, 0.3333333333333333, 0.2, 0.2, 0.2903225806451613, 0.25, 0.3076923076923077, 0.2857142857142857, 0.35714285714285715, 0.21052631578947367, 0.16666666666666666, 0.16666666666666666, 0.4, 0.4, 0.4, 0.4, 0.4444444444444444, 0.5714285714285714, 0.5, 0.2777777777777778, 0.2857142857142857, 0.2777777777777778, 0.3333333333333333, 0.2857142857142857, 0.3333333333333333, 0.19047619047619047, 0.2962962962962963, 0.3076923076923077, 0.3076923076923077, 0.3076923076923077, 0.14545454545454545, 0.24390243902439024, 0.0, 0.16666666666666666, 0.0, 0.0, 0.0, 0.0, 0.01282051282051282, 0.0, 0.0, 0.0, 0.012658227848101266, 0.0, 0.0, 0.0, 0.01282051282051282, 0.0, 0.3333333333333333, 0.2222222222222222, 0.2222222222222222, 0.11764705882352941, 0.2857142857142857, 0.26666666666666666, 0.2222222222222222, 0.2903225806451613, 0.2222222222222222, 0.36363636363636365, 0.3333333333333333, 0.2857142857142857, 0.16666666666666666, 0.23529411764705882, 0.18181818181818182, 0.20833333333333334, 0.12121212121212122, 0.12121212121212122, 0.2, 0.11764705882352941, 0.21052631578947367, 0.21052631578947367, 0.23529411764705882, 0.2222222222222222, 0.1, 0.21052631578947367, 0.23529411764705882, 0.21052631578947367, 0.25, 0.25806451612903225, 0.25, 0.2857142857142857, 0.2857142857142857, 0.18181818181818182, 0.18181818181818182, 0.17857142857142858, 0.20833333333333334, 0.2, 0.17391304347826086, 0.13333333333333333, 0.13333333333333333, 0.15254237288135594, 0.12698412698412698, 0.11594202898550725, 0.12307692307692308, 0.12307692307692308, 0.15384615384615385, 0.16, 0.10810810810810811, 0.11594202898550725, 0.13793103448275862, 0.13793103448275862, 0.13793103448275862, 0.17777777777777778, 0.17777777777777778, 0.14035087719298245, 0.16363636363636364, 0.13793103448275862, 0.13793103448275862, 0.1111111111111111, 0.17391304347826086, 0.17391304347826086, 0.1568627450980392, 0.11940298507462686, 0.12121212121212122, 0.125, 0.1568627450980392, 0.17391304347826086, 0.18181818181818182, 0.16, 0.16, 0.2, 0.2, 0.16326530612244897, 0.08163265306122448, 0.08791208791208792, 0.11363636363636363, 0.08163265306122448, 0.26666666666666666, 0.26666666666666666, 0.26666666666666666, 0.26666666666666666, 0.26666666666666666, 0.2857142857142857], [0.4, 0.25, 1.0, 0.25, 0.15384615384615385, 0.18181818181818182, 0.0, 0.0, 0.14285714285714285, 0.45454545454545453, 0.45454545454545453, 0.18181818181818182, 0.1111111111111111, 0.09090909090909091, 0.2631578947368421, 0.17647058823529413, 0.1111111111111111, 0.13333333333333333, 0.125, 0.11764705882352941, 0.09523809523809523, 0.5555555555555556, 0.16666666666666666, 0.16666666666666666, 0.16666666666666666, 0.5555555555555556, 0.2727272727272727, 0.18181818181818182, 0.2222222222222222, 0.2, 0.09523809523809523, 0.0975609756097561, 0.15, 0.1111111111111111, 0.125, 0.1111111111111111, 0.08695652173913043, 0.12903225806451613, 0.13333333333333333, 0.13333333333333333, 0.13333333333333333, 0.06779661016949153, 0.0851063829787234, 0.0, 0.07692307692307693, 0.0, 0.0, 0.0, 0.0, 0.01282051282051282, 0.0, 0.0, 0.0, 0.012658227848101266, 0.0, 0.0, 0.0, 0.01282051282051282, 0.0, 0.14285714285714285, 0.29411764705882354, 0.29411764705882354, 0.35714285714285715, 0.38461538461538464, 0.35714285714285715, 0.29411764705882354, 0.17647058823529413, 0.15789473684210525, 0.15384615384615385, 0.14285714285714285, 0.125, 0.07692307692307693, 0.10526315789473684, 0.08333333333333333, 0.07407407407407407, 0.07246376811594203, 0.15625, 0.09090909090909091, 0.05555555555555555, 0.2777777777777778, 0.2777777777777778, 0.3125, 0.29411764705882354, 0.29411764705882354, 0.2777777777777778, 0.3125, 0.09523809523809523, 0.1111111111111111, 0.11428571428571428, 0.17647058823529413, 0.125, 0.125, 0.06557377049180328, 0.06557377049180328, 0.1, 0.07407407407407407, 0.07142857142857142, 0.08, 0.0625, 0.1724137931034483, 0.0967741935483871, 0.05970149253731343, 0.14925373134328357, 0.057971014492753624, 0.15873015873015872, 0.07142857142857142, 0.07407407407407407, 0.1388888888888889, 0.0547945205479452, 0.06451612903225806, 0.06451612903225806, 0.06451612903225806, 0.08163265306122448, 0.08163265306122448, 0.18181818181818182, 0.10344827586206896, 0.17857142857142858, 0.17857142857142858, 0.14285714285714285, 0.22727272727272727, 0.22727272727272727, 0.07272727272727272, 0.056338028169014086, 0.05714285714285714, 0.058823529411764705, 0.07272727272727272, 0.08, 0.08333333333333333, 0.07407407407407407, 0.07407407407407407, 0.09090909090909091, 0.09090909090909091, 0.07547169811320754, 0.0392156862745098, 0.042105263157894736, 0.0425531914893617, 0.0392156862745098, 0.11764705882352941, 0.11764705882352941, 0.35714285714285715, 0.35714285714285715, 0.1875, 0.38461538461538464], [0.4, 0.6666666666666666, 0.25, 1.0, 0.5, 0.625, 0.0, 0.0, 0.45454545454545453, 0.45454545454545453, 0.14285714285714285, 0.625, 0.3333333333333333, 0.2631578947368421, 0.2631578947368421, 0.3333333333333333, 0.3333333333333333, 0.4166666666666667, 0.38461538461538464, 0.35714285714285715, 0.2777777777777778, 0.16666666666666666, 0.16666666666666666, 0.5555555555555556, 0.5555555555555556, 0.5555555555555556, 0.5555555555555556, 0.625, 0.8333333333333334, 0.7142857142857143, 0.2777777777777778, 0.2857142857142857, 0.2777777777777778, 0.3333333333333333, 0.38461538461538464, 0.3333333333333333, 0.25, 0.4, 0.4166666666666667, 0.4166666666666667, 0.4166666666666667, 0.18867924528301888, 0.24390243902439024, 0.0, 0.21739130434782608, 0.0, 0.0, 0.0, 0.0, 0.01282051282051282, 0.0, 0.0, 0.0, 0.012658227848101266, 0.0, 0.0, 0.0, 0.01282051282051282, 0.0, 0.45454545454545453, 0.29411764705882354, 0.29411764705882354, 0.11764705882352941, 0.38461538461538464, 0.35714285714285715, 0.29411764705882354, 0.3333333333333333, 0.29411764705882354, 0.5, 0.45454545454545453, 0.38461538461538464, 0.21739130434782608, 0.3125, 0.23809523809523808, 0.20833333333333334, 0.15625, 0.15625, 0.2631578947368421, 0.15151515151515152, 0.2777777777777778, 0.2777777777777778, 0.3125, 0.29411764705882354, 0.1, 0.2777777777777778, 0.3125, 0.2777777777777778, 0.3333333333333333, 0.3448275862068966, 0.3333333333333333, 0.38461538461538464, 0.38461538461538464, 0.18181818181818182, 0.18181818181818182, 0.17857142857142858, 0.20833333333333334, 0.2, 0.22727272727272727, 0.1724137931034483, 0.1724137931034483, 0.1724137931034483, 0.16393442622950818, 0.14925373134328357, 0.15873015873015872, 0.15873015873015872, 0.2, 0.20833333333333334, 0.1388888888888889, 0.14925373134328357, 0.17857142857142858, 0.17857142857142858, 0.17857142857142858, 0.23255813953488372, 0.23255813953488372, 0.18181818181818182, 0.18518518518518517, 0.17857142857142858, 0.17857142857142858, 0.14285714285714285, 0.22727272727272727, 0.22727272727272727, 0.20408163265306123, 0.15384615384615385, 0.15625, 0.16129032258064516, 0.20408163265306123, 0.22727272727272727, 0.23809523809523808, 0.20833333333333334, 0.20833333333333334, 0.2631578947368421, 0.2631578947368421, 0.2127659574468085, 0.10416666666666667, 0.11235955056179775, 0.11363636363636363, 0.10416666666666667, 0.35714285714285715, 0.35714285714285715, 0.35714285714285715, 0.35714285714285715, 0.35714285714285715, 0.38461538461538464], [0.2, 0.5, 0.15384615384615385, 0.5, 1.0, 0.6363636363636364, 0.0, 0.0, 0.3125, 0.3125, 0.10526315789473684, 0.6363636363636364, 0.6666666666666666, 0.3181818181818182, 0.3181818181818182, 0.42857142857142855, 0.47058823529411764, 0.4666666666666667, 0.5333333333333333, 0.7142857142857143, 0.4, 0.11764705882352941, 0.11764705882352941, 0.35714285714285715, 0.35714285714285715, 0.35714285714285715, 0.35714285714285715, 0.6363636363636364, 0.45454545454545453, 0.4166666666666667, 0.5555555555555556, 0.5714285714285714, 0.5555555555555556, 0.6666666666666666, 0.5333333333333333, 0.6666666666666666, 0.2, 0.2857142857142857, 0.4666666666666667, 0.29411764705882354, 0.29411764705882354, 0.2807017543859649, 0.4878048780487805, 0.0, 0.2692307692307692, 0.0, 0.0, 0.0, 0.0, 0.022988505747126436, 0.0, 0.0, 0.0, 0.011235955056179775, 0.0, 0.0, 0.0, 0.022988505747126436, 0.0, 0.5, 0.22727272727272727, 0.22727272727272727, 0.09090909090909091, 0.4375, 0.2631578947368421, 0.22727272727272727, 0.42857142857142855, 0.22727272727272727, 0.5384615384615384, 0.5, 0.5333333333333333, 0.32, 0.3684210526315789, 0.34782608695652173, 0.4166666666666667, 0.23529411764705882, 0.23529411764705882, 0.38095238095238093, 0.22857142857142856, 0.21739130434782608, 0.24444444444444444, 0.23809523809523808, 0.35, 0.08, 0.21739130434782608, 0.23809523809523808, 0.21739130434782608, 0.3888888888888889, 0.4, 0.3888888888888889, 0.5333333333333333, 0.5333333333333333, 0.36363636363636365, 0.36363636363636365, 0.35714285714285715, 0.4166666666666667, 0.4, 0.3333333333333333, 0.21875, 0.21875, 0.2786885245901639, 0.208955223880597, 0.1917808219178082, 0.23880597014925373, 0.23880597014925373, 0.2962962962962963, 0.3076923076923077, 0.12195121951219512, 0.20833333333333334, 0.22580645161290322, 0.15151515151515152, 0.15151515151515152, 0.18867924528301888, 0.18867924528301888, 0.22950819672131148, 0.2542372881355932, 0.15151515151515152, 0.15151515151515152, 0.13924050632911392, 0.18518518518518517, 0.18518518518518517, 0.2545454545454545, 0.13333333333333333, 0.2, 0.20588235294117646, 0.2545454545454545, 0.3333333333333333, 0.2916666666666667, 0.3076923076923077, 0.3076923076923077, 0.20833333333333334, 0.20833333333333334, 0.3137254901960784, 0.16, 0.17204301075268819, 0.22727272727272727, 0.16, 0.2631578947368421, 0.2631578947368421, 0.2631578947368421, 0.2631578947368421, 0.2631578947368421, 0.2777777777777778], [0.25, 0.4444444444444444, 0.18181818181818182, 0.625, 0.6363636363636364, 1.0, 0.02564102564102564, 0.018867924528301886, 0.35714285714285715, 0.35714285714285715, 0.11764705882352941, 0.6, 0.4375, 0.42105263157894735, 0.42105263157894735, 0.5333333333333333, 0.5333333333333333, 0.6666666666666666, 0.6153846153846154, 0.4666666666666667, 0.4444444444444444, 0.13333333333333333, 0.13333333333333333, 0.4166666666666667, 0.4166666666666667, 0.4166666666666667, 0.4166666666666667, 0.7777777777777778, 0.5555555555555556, 0.5, 0.3684210526315789, 0.3783783783783784, 0.3684210526315789, 0.4375, 0.5, 0.4375, 0.21739130434782608, 0.3225806451612903, 0.5384615384615384, 0.3333333333333333, 0.3333333333333333, 0.3018867924528302, 0.32558139534883723, 0.0, 0.34782608695652173, 0.011904761904761904, 0.034482758620689655, 0.034482758620689655, 0.014285714285714285, 0.024096385542168676, 0.012195121951219513, 0.014705882352941176, 0.011904761904761904, 0.023809523809523808, 0.014492753623188406, 0.012195121951219513, 0.014492753623188406, 0.024096385542168676, 0.011764705882352941, 0.46153846153846156, 0.25, 0.25, 0.1, 0.4, 0.29411764705882354, 0.25, 0.4375, 0.25, 0.5, 0.5833333333333334, 0.5, 0.34782608695652173, 0.5, 0.38095238095238093, 0.28, 0.25, 0.25, 0.42105263157894735, 0.24242424242424243, 0.23809523809523808, 0.23809523809523808, 0.2631578947368421, 0.3888888888888889, 0.08695652173913043, 0.23809523809523808, 0.2631578947368421, 0.23809523809523808, 0.35294117647058826, 0.36363636363636365, 0.35294117647058826, 0.5, 0.5, 0.24561403508771928, 0.24561403508771928, 0.2413793103448276, 0.28, 0.2692307692307692, 0.30434782608695654, 0.27586206896551724, 0.27586206896551724, 0.27586206896551724, 0.26229508196721313, 0.23880597014925373, 0.25396825396825395, 0.25396825396825395, 0.32, 0.3333333333333333, 0.1282051282051282, 0.2028985507246377, 0.2413793103448276, 0.16129032258064516, 0.16129032258064516, 0.20408163265306123, 0.20408163265306123, 0.24561403508771928, 0.25, 0.16129032258064516, 0.16129032258064516, 0.14666666666666667, 0.2, 0.2, 0.27450980392156865, 0.14084507042253522, 0.17647058823529413, 0.21875, 0.22641509433962265, 0.30434782608695654, 0.3181818181818182, 0.28, 0.28, 0.22727272727272727, 0.22727272727272727, 0.2857142857142857, 0.16666666666666666, 0.1797752808988764, 0.15555555555555556, 0.16666666666666666, 0.29411764705882354, 0.29411764705882354, 0.29411764705882354, 0.29411764705882354, 0.29411764705882354, 0.3125], [0.0, 0.0, 0.0, 0.0, 0.0, 0.02564102564102564, 1.0, 0.21568627450980393, 0.0, 0.0, 0.0, 0.0, 0.0, 0.01639344262295082, 0.01639344262295082, 0.018867924528301886, 0.018867924528301886, 0.02127659574468085, 0.02040816326530612, 0.0, 0.01694915254237288, 0.0, 0.0, 0.0, 0.0, 0.0, 0.0, 0.0, 0.0, 0.0, 0.0, 0.0, 0.01694915254237288, 0.0, 0.0, 0.0, 0.0, 0.0, 0.02127659574468085, 0.0, 0.0, 0.04054054054054054, 0.015625, 0.08695652173913043, 0.014492753623188406, 0.13414634146341464, 0.1724137931034483, 0.1724137931034483, 0.43636363636363634, 0.13414634146341464, 0.1375, 0.4528301886792453, 0.13414634146341464, 0.14634146341463414, 0.4444444444444444, 0.1375, 0.4444444444444444, 0.13414634146341464, 0.13253012048192772, 0.0, 0.0, 0.0, 0.0, 0.0, 0.0, 0.0, 0.0, 0.0, 0.0, 0.0, 0.0, 0.014492753623188406, 0.01818181818181818, 0.015384615384615385, 0.0, 0.011494252873563218, 0.011494252873563218, 0.01639344262295082, 0.011235955056179775, 0.0, 0.0, 0.0, 0.0, 0.0, 0.0, 0.0, 0.0, 0.0, 0.0, 0.0, 0.0, 0.0, 0.0, 0.0, 0.012658227848101266, 0.0, 0.0, 0.0, 0.0379746835443038, 0.012345679012345678, 0.012345679012345678, 0.011904761904761904, 0.011111111111111112, 0.011627906976744186, 0.011627906976744186, 0.0136986301369863, 0.014084507042253521, 0.0, 0.03409090909090909, 0.02564102564102564, 0.0, 0.0, 0.0, 0.0, 0.01282051282051282, 0.012987012987012988, 0.0, 0.0, 0.010752688172043012, 0.0, 0.0, 0.0, 0.011363636363636364, 0.0, 0.0, 0.0, 0.014925373134328358, 0.015384615384615385, 0.0, 0.0, 0.01639344262295082, 0.01639344262295082, 0.014285714285714285, 0.02564102564102564, 0.02727272727272727, 0.009009009009009009, 0.02564102564102564, 0.0, 0.0, 0.0, 0.0, 0.0, 0.0], [0.0, 0.0, 0.0, 0.0, 0.0, 0.018867924528301886, 0.21568627450980393, 1.0, 0.0, 0.0, 0.0, 0.0, 0.0, 0.013333333333333334, 0.013333333333333334, 0.014925373134328358, 0.014925373134328358, 0.01639344262295082, 0.03225806451612903, 0.0, 0.0136986301369863, 0.0, 0.0, 0.0, 0.01818181818181818, 0.0, 0.0, 0.0, 0.0, 0.0196078431372549, 0.0, 0.013888888888888888, 0.0136986301369863, 0.0, 0.0, 0.014925373134328358, 0.0, 0.0, 0.0, 0.01639344262295082, 0.01639344262295082, 0.02247191011235955, 0.0, 0.20754716981132076, 0.012048192771084338, 0.5507246376811594, 0.1388888888888889, 0.1388888888888889, 0.1625, 0.5507246376811594, 0.5671641791044776, 0.1375, 0.5507246376811594, 0.5428571428571428, 0.1794871794871795, 0.5671641791044776, 0.13580246913580246, 0.5507246376811594, 0.5428571428571428, 0.0, 0.0, 0.0, 0.0, 0.0, 0.0, 0.0, 0.0, 0.0, 0.0, 0.01694915254237288, 0.015873015873015872, 0.012048192771084338, 0.029411764705882353, 0.02564102564102564, 0.0, 0.009900990099009901, 0.009900990099009901, 0.013333333333333334, 0.009708737864077669, 0.0, 0.0136986301369863, 0.0, 0.0, 0.014084507042253521, 0.0, 0.014492753623188406, 0.0, 0.0, 0.015151515151515152, 0.0, 0.0, 0.015873015873015872, 0.0, 0.010869565217391304, 0.010752688172043012, 0.011764705882352941, 0.0, 0.012345679012345678, 0.043478260869565216, 0.010526315789473684, 0.010526315789473684, 0.01020408163265306, 0.009615384615384616, 0.030612244897959183, 0.020202020202020204, 0.011494252873563218, 0.023809523809523808, 0.0, 0.019417475728155338, 0.021739130434782608, 0.021739130434782608, 0.021739130434782608, 0.0125, 0.0125, 0.0, 0.0, 0.010752688172043012, 0.010752688172043012, 0.009345794392523364, 0.025, 0.025, 0.0, 0.00980392156862745, 0.0, 0.0, 0.0, 0.0, 0.012658227848101266, 0.023809523809523808, 0.023809523809523808, 0.0410958904109589, 0.0410958904109589, 0.024096385542168676, 0.022900763358778626, 0.032520325203252036, 0.0, 0.03875968992248062, 0.0, 0.015384615384615385, 0.0, 0.015384615384615385, 0.0, 0.0], [0.18181818181818182, 0.3333333333333333, 0.14285714285714285, 0.45454545454545453, 0.3125, 0.35714285714285715, 0.0, 0.0, 1.0, 0.29411764705882354, 0.29411764705882354, 0.35714285714285715, 0.23809523809523808, 0.5789473684210527, 0.2, 0.23809523809523808, 0.23809523809523808, 0.2777777777777778, 0.2631578947368421, 0.25, 0.20833333333333334, 0.3333333333333333, 0.17647058823529413, 0.3333333333333333, 0.3333333333333333, 0.3333333333333333, 0.3333333333333333, 0.35714285714285715, 0.4166666666666667, 0.38461538461538464, 0.20833333333333334, 0.2127659574468085, 0.20833333333333334, 0.23809523809523808, 0.2631578947368421, 0.2682926829268293, 0.2916666666666667, 0.3055555555555556, 0.2777777777777778, 0.2777777777777778, 0.2777777777777778, 0.15384615384615385, 0.18867924528301888, 0.0, 0.1724137931034483, 0.0, 0.0, 0.0, 0.0, 0.011111111111111112, 0.0, 0.0, 0.0, 0.01098901098901099, 0.0, 0.0, 0.0, 0.011111111111111112, 0.0, 0.29411764705882354, 0.6470588235294118, 0.4, 0.25, 0.2631578947368421, 0.25, 0.4, 0.23809523809523808, 0.3333333333333333, 0.3125, 0.29411764705882354, 0.2631578947368421, 0.1724137931034483, 0.22727272727272727, 0.18518518518518517, 0.16666666666666666, 0.34375, 0.13157894736842105, 0.2, 0.1282051282051282, 0.20833333333333334, 0.20833333333333334, 0.2558139534883721, 0.21739130434782608, 0.21739130434782608, 0.3181818181818182, 0.22727272727272727, 0.2608695652173913, 0.23809523809523808, 0.24390243902439024, 0.2682926829268293, 0.2631578947368421, 0.2631578947368421, 0.14925373134328357, 0.14925373134328357, 0.16417910447761194, 0.1864406779661017, 0.16129032258064516, 0.17857142857142858, 0.3793103448275862, 0.14285714285714285, 0.15942028985507245, 0.36065573770491804, 0.20270270270270271, 0.3492063492063492, 0.13333333333333333, 0.16129032258064516, 0.16666666666666666, 0.175, 0.2191780821917808, 0.39285714285714285, 0.39285714285714285, 0.39285714285714285, 0.32653061224489793, 0.32653061224489793, 0.14925373134328357, 0.15151515151515152, 0.14705882352941177, 0.14705882352941177, 0.2602739726027397, 0.17857142857142858, 0.17857142857142858, 0.18333333333333332, 0.1917808219178082, 0.19444444444444445, 0.2, 0.18333333333333332, 0.17857142857142858, 0.18518518518518517, 0.16666666666666666, 0.16666666666666666, 0.2, 0.2, 0.1896551724137931, 0.09259259259259259, 0.09900990099009901, 0.1, 0.102803738317757, 0.47058823529411764, 0.47058823529411764, 0.25, 0.25, 0.5151515151515151, 0.2631578947368421], [0.18181818181818182, 0.3333333333333333, 0.45454545454545453, 0.45454545454545453, 0.3125, 0.35714285714285715, 0.0, 0.0, 0.29411764705882354, 1.0, 0.29411764705882354, 0.35714285714285715, 0.23809523809523808, 0.2, 0.5789473684210527, 0.3684210526315789, 0.23809523809523808, 0.2777777777777778, 0.2631578947368421, 0.25, 0.20833333333333334, 0.3333333333333333, 0.1111111111111111, 0.3333333333333333, 0.3333333333333333, 0.6666666666666666, 0.5384615384615384, 0.35714285714285715, 0.4166666666666667, 0.38461538461538464, 0.20833333333333334, 0.2127659574468085, 0.3181818181818182, 0.23809523809523808, 0.2631578947368421, 0.23809523809523808, 0.19230769230769232, 0.2702702702702703, 0.2777777777777778, 0.2777777777777778, 0.2777777777777778, 0.15384615384615385, 0.18867924528301888, 0.0, 0.1724137931034483, 0.0, 0.0, 0.0, 0.0, 0.02247191011235955, 0.0, 0.0, 0.0, 0.01098901098901099, 0.0, 0.0, 0.013333333333333334, 0.011111111111111112, 0.0, 0.29411764705882354, 0.4, 0.6470588235294118, 0.25, 0.5, 0.7857142857142857, 0.4, 0.3684210526315789, 0.3333333333333333, 0.3125, 0.29411764705882354, 0.2631578947368421, 0.1724137931034483, 0.22727272727272727, 0.18518518518518517, 0.16666666666666666, 0.14666666666666667, 0.34375, 0.2, 0.1282051282051282, 0.6111111111111112, 0.6111111111111112, 0.6875, 0.6470588235294118, 0.24444444444444444, 0.6111111111111112, 0.6875, 0.20833333333333334, 0.23809523809523808, 0.24390243902439024, 0.3684210526315789, 0.2631578947368421, 0.2631578947368421, 0.14925373134328357, 0.14925373134328357, 0.21875, 0.16666666666666666, 0.18032786885245902, 0.17857142857142858, 0.14285714285714285, 0.3793103448275862, 0.21212121212121213, 0.1527777777777778, 0.3283582089552239, 0.13333333333333333, 0.3492063492063492, 0.16129032258064516, 0.16666666666666666, 0.3055555555555556, 0.12658227848101267, 0.14705882352941177, 0.14705882352941177, 0.14705882352941177, 0.18181818181818182, 0.18181818181818182, 0.4, 0.22580645161290322, 0.39285714285714285, 0.39285714285714285, 0.22666666666666666, 0.32, 0.32, 0.16393442622950818, 0.12987012987012986, 0.13157894736842105, 0.13513513513513514, 0.16393442622950818, 0.17857142857142858, 0.18518518518518517, 0.16666666666666666, 0.16666666666666666, 0.2, 0.2, 0.1694915254237288, 0.09259259259259259, 0.09900990099009901, 0.1111111111111111, 0.09259259259259259, 0.25, 0.25, 0.47058823529411764, 0.47058823529411764, 0.3888888888888889, 0.6], [0.18181818181818182, 0.14285714285714285, 0.45454545454545453, 0.14285714285714285, 0.10526315789473684, 0.11764705882352941, 0.0, 0.0, 0.29411764705882354, 0.29411764705882354, 1.0, 0.11764705882352941, 0.08333333333333333, 0.2, 0.2, 0.13043478260869565, 0.08333333333333333, 0.09523809523809523, 0.09090909090909091, 0.08695652173913043, 0.07407407407407407, 0.6666666666666666, 0.21212121212121213, 0.1111111111111111, 0.1111111111111111, 0.3333333333333333, 0.17647058823529413, 0.11764705882352941, 0.13333333333333333, 0.125, 0.07407407407407407, 0.07547169811320754, 0.11538461538461539, 0.08333333333333333, 0.09090909090909091, 0.10638297872340426, 0.12727272727272726, 0.11904761904761904, 0.09523809523809523, 0.09523809523809523, 0.09523809523809523, 0.056338028169014086, 0.06779661016949153, 0.0, 0.07936507936507936, 0.0, 0.0, 0.0, 0.0, 0.011111111111111112, 0.0, 0.0, 0.011111111111111112, 0.01098901098901099, 0.0, 0.0, 0.0, 0.011111111111111112, 0.0, 0.1, 0.4, 0.4, 0.7857142857142857, 0.2631578947368421, 0.25, 0.6470588235294118, 0.13043478260869565, 0.21739130434782608, 0.10526315789473684, 0.1, 0.09090909090909091, 0.0625, 0.08, 0.06666666666666667, 0.06060606060606061, 0.14666666666666667, 0.13157894736842105, 0.07142857142857142, 0.047619047619047616, 0.20833333333333334, 0.20833333333333334, 0.2558139534883721, 0.21739130434782608, 0.6470588235294118, 0.2608695652173913, 0.22727272727272727, 0.13725490196078433, 0.08333333333333333, 0.0851063829787234, 0.15555555555555556, 0.09090909090909091, 0.09090909090909091, 0.0547945205479452, 0.0547945205479452, 0.09859154929577464, 0.07692307692307693, 0.058823529411764705, 0.06451612903225806, 0.14285714285714285, 0.14285714285714285, 0.0958904109589041, 0.136986301369863, 0.15584415584415584, 0.13333333333333333, 0.13333333333333333, 0.058823529411764705, 0.06060606060606061, 0.16049382716049382, 0.12658227848101267, 0.14705882352941177, 0.14705882352941177, 0.14705882352941177, 0.18181818181818182, 0.18181818181818182, 0.14925373134328357, 0.08571428571428572, 0.14705882352941177, 0.14705882352941177, 0.3142857142857143, 0.17857142857142858, 0.17857142857142858, 0.09230769230769231, 0.0875, 0.08860759493670886, 0.10526315789473684, 0.07575757575757576, 0.06451612903225806, 0.06666666666666667, 0.06060606060606061, 0.06060606060606061, 0.07142857142857142, 0.07142857142857142, 0.06153846153846154, 0.03508771929824561, 0.037383177570093455, 0.03773584905660377, 0.03508771929824561, 0.25, 0.25, 0.25, 0.25, 0.3157894736842105, 0.2631578947368421], [0.25, 0.4444444444444444, 0.18181818181818182, 0.625, 0.6363636363636364, 0.6, 0.0, 0.0, 0.35714285714285715, 0.35714285714285715, 0.11764705882352941, 1.0, 0.5333333333333333, 0.2857142857142857, 0.2857142857142857, 0.35294117647058826, 0.5333333333333333, 0.42857142857142855, 0.5, 0.4666666666666667, 0.4444444444444444, 0.13333333333333333, 0.13333333333333333, 0.4166666666666667, 0.4166666666666667, 0.4166666666666667, 0.4166666666666667, 0.6, 0.5555555555555556, 0.5, 0.3684210526315789, 0.3783783783783784, 0.3684210526315789, 0.4375, 0.6153846153846154, 0.4375, 0.21739130434782608, 0.3225806451612903, 0.42857142857142855, 0.3333333333333333, 0.3333333333333333, 0.3018867924528302, 0.32558139534883723, 0.0, 0.24, 0.0, 0.0, 0.0, 0.0, 0.024096385542168676, 0.0, 0.014705882352941176, 0.011904761904761904, 0.011764705882352941, 0.0, 0.0, 0.014492753623188406, 0.024096385542168676, 0.0, 0.7272727272727273, 0.25, 0.25, 0.1, 0.6153846153846154, 0.29411764705882354, 0.25, 0.35294117647058826, 0.25, 0.8, 0.46153846153846156, 0.5, 0.34782608695652173, 0.3333333333333333, 0.3181818181818182, 0.3333333333333333, 0.25, 0.25, 0.42105263157894735, 0.24242424242424243, 0.23809523809523808, 0.2682926829268293, 0.2631578947368421, 0.3157894736842105, 0.08695652173913043, 0.23809523809523808, 0.2631578947368421, 0.23809523809523808, 0.5333333333333333, 0.5517241379310345, 0.5333333333333333, 0.6153846153846154, 0.6153846153846154, 0.2909090909090909, 0.2909090909090909, 0.2857142857142857, 0.3333333333333333, 0.32, 0.36363636363636365, 0.1935483870967742, 0.1935483870967742, 0.27586206896551724, 0.18461538461538463, 0.16901408450704225, 0.2153846153846154, 0.2153846153846154, 0.32, 0.3333333333333333, 0.1282051282051282, 0.16901408450704225, 0.2, 0.16129032258064516, 0.16129032258064516, 0.20408163265306123, 0.20408163265306123, 0.2033898305084746, 0.22807017543859648, 0.16129032258064516, 0.16129032258064516, 0.13157894736842105, 0.2, 0.2, 0.22641509433962265, 0.14084507042253522, 0.25, 0.18181818181818182, 0.32653061224489793, 0.36363636363636365, 0.2608695652173913, 0.3333333333333333, 0.3333333333333333, 0.22727272727272727, 0.22727272727272727, 0.2857142857142857, 0.16666666666666666, 0.1797752808988764, 0.18181818181818182, 0.16666666666666666, 0.29411764705882354, 0.29411764705882354, 0.29411764705882354, 0.29411764705882354, 0.29411764705882354, 0.3125], [0.13333333333333333, 0.3333333333333333, 0.1111111111111111, 0.3333333333333333, 0.6666666666666666, 0.4375, 0.0, 0.0, 0.23809523809523808, 0.23809523809523808, 0.08333333333333333, 0.5333333333333333, 1.0, 0.25925925925925924, 0.25925925925925924, 0.3333333333333333, 0.42857142857142855, 0.5, 0.4, 0.5263157894736842, 0.375, 0.09090909090909091, 0.09090909090909091, 0.2972972972972973, 0.2631578947368421, 0.2631578947368421, 0.2631578947368421, 0.4375, 0.3125, 0.29411764705882354, 0.4666666666666667, 0.4444444444444444, 0.43478260869565216, 0.5, 0.47368421052631576, 0.5, 0.16666666666666666, 0.2222222222222222, 0.35, 0.22727272727272727, 0.22727272727272727, 0.36065573770491804, 0.39215686274509803, 0.0, 0.22580645161290322, 0.0, 0.0, 0.0, 0.0, 0.020618556701030927, 0.0, 0.012195121951219513, 0.01020408163265306, 0.010101010101010102, 0.0, 0.010416666666666666, 0.012048192771084338, 0.03125, 0.0, 0.625, 0.18518518518518517, 0.18518518518518517, 0.07407407407407407, 0.4, 0.20833333333333334, 0.18518518518518517, 0.3333333333333333, 0.18518518518518517, 0.47058823529411764, 0.5294117647058824, 0.4, 0.4074074074074074, 0.4090909090909091, 0.44, 0.625, 0.23684210526315788, 0.23684210526315788, 0.36, 0.2972972972972973, 0.2, 0.2, 0.19230769230769232, 0.28, 0.06666666666666667, 0.17857142857142858, 0.19230769230769232, 0.17857142857142858, 0.3953488372093023, 0.37209302325581395, 0.36363636363636365, 0.47368421052631576, 0.47368421052631576, 0.5454545454545454, 0.5454545454545454, 0.5357142857142857, 0.625, 0.6, 0.4230769230769231, 0.2571428571428571, 0.2571428571428571, 0.2753623188405797, 0.18181818181818182, 0.1686746987951807, 0.2077922077922078, 0.2077922077922078, 0.3793103448275862, 0.3, 0.10869565217391304, 0.18292682926829268, 0.19444444444444445, 0.13157894736842105, 0.13157894736842105, 0.15873015873015872, 0.15873015873015872, 0.19718309859154928, 0.23529411764705882, 0.13157894736842105, 0.13157894736842105, 0.12359550561797752, 0.15625, 0.15625, 0.2153846153846154, 0.11764705882352941, 0.20512820512820512, 0.19480519480519481, 0.25396825396825395, 0.32142857142857145, 0.3333333333333333, 0.3, 0.3, 0.1724137931034483, 0.1724137931034483, 0.26229508196721313, 0.23529411764705882, 0.2268041237113402, 0.3409090909090909, 0.23529411764705882, 0.23404255319148937, 0.20833333333333334, 0.23404255319148937, 0.20833333333333334, 0.20833333333333334, 0.21739130434782608], [0.10526315789473684, 0.2, 0.09090909090909091, 0.2631578947368421, 0.3181818181818182, 0.42105263157894735, 0.01639344262295082, 0.013333333333333334, 0.5789473684210527, 0.2, 0.2, 0.2857142857142857, 0.25925925925925924, 1.0, 0.26666666666666666, 0.3076923076923077, 0.3076923076923077, 0.34782608695652173, 0.3333333333333333, 0.2692307692307692, 0.27586206896551724, 0.21739130434782608, 0.12, 0.21739130434782608, 0.21739130434782608, 0.21739130434782608, 0.21739130434782608, 0.35, 0.25, 0.23809523809523808, 0.23333333333333334, 0.23728813559322035, 0.23333333333333334, 0.25925925925925924, 0.28, 0.2830188679245283, 0.21875, 0.21153846153846154, 0.2916666666666667, 0.19230769230769232, 0.19230769230769232, 0.21333333333333335, 0.2153846153846154, 0.0, 0.23529411764705882, 0.01904761904761905, 0.025, 0.025, 0.010869565217391304, 0.01904761904761905, 0.009615384615384616, 0.011111111111111112, 0.009433962264150943, 0.018867924528301886, 0.01098901098901099, 0.009615384615384616, 0.01098901098901099, 0.01904761904761905, 0.018867924528301886, 0.25, 0.44, 0.3333333333333333, 0.17857142857142858, 0.23076923076923078, 0.17857142857142858, 0.3333333333333333, 0.25925925925925924, 0.2413793103448276, 0.2608695652173913, 0.30434782608695654, 0.28, 0.23529411764705882, 0.2962962962962963, 0.25, 0.19444444444444445, 0.59375, 0.18604651162790697, 0.26666666666666666, 0.18181818181818182, 0.15625, 0.15625, 0.1864406779661017, 0.2413793103448276, 0.16129032258064516, 0.23333333333333334, 0.16666666666666666, 0.1935483870967742, 0.21428571428571427, 0.21818181818181817, 0.23636363636363636, 0.28, 0.28, 0.17721518987341772, 0.17721518987341772, 0.189873417721519, 0.2112676056338028, 0.1891891891891892, 0.20588235294117646, 0.6551724137931034, 0.2, 0.21518987341772153, 0.6229508196721312, 0.25, 0.6031746031746031, 0.18823529411764706, 0.2222222222222222, 0.22857142857142856, 0.14583333333333334, 0.26506024096385544, 0.5161290322580645, 0.3055555555555556, 0.3055555555555556, 0.2857142857142857, 0.2857142857142857, 0.17721518987341772, 0.1794871794871795, 0.11904761904761904, 0.11904761904761904, 0.2558139534883721, 0.1388888888888889, 0.1388888888888889, 0.20833333333333334, 0.15730337078651685, 0.21428571428571427, 0.21951219512195122, 0.17567567567567569, 0.20588235294117646, 0.21212121212121213, 0.19444444444444445, 0.19444444444444445, 0.15151515151515152, 0.15151515151515152, 0.21428571428571427, 0.13559322033898305, 0.14414414414414414, 0.125, 0.1452991452991453, 0.375, 0.375, 0.17857142857142858, 0.17857142857142858, 0.40425531914893614, 0.18518518518518517], [0.10526315789473684, 0.2, 0.2631578947368421, 0.2631578947368421, 0.3181818181818182, 0.42105263157894735, 0.01639344262295082, 0.013333333333333334, 0.2, 0.5789473684210527, 0.2, 0.2857142857142857, 0.25925925925925924, 0.26666666666666666, 1.0, 0.4166666666666667, 0.3076923076923077, 0.34782608695652173, 0.3333333333333333, 0.2692307692307692, 0.27586206896551724, 0.21739130434782608, 0.07692307692307693, 0.21739130434782608, 0.21739130434782608, 0.47368421052631576, 0.3333333333333333, 0.35, 0.25, 0.23809523809523808, 0.23333333333333334, 0.23728813559322035, 0.4230769230769231, 0.25925925925925924, 0.28, 0.25925925925925924, 0.14705882352941177, 0.18867924528301888, 0.2916666666666667, 0.19230769230769232, 0.19230769230769232, 0.21333333333333335, 0.2153846153846154, 0.0, 0.2537313432835821, 0.009433962264150943, 0.025, 0.025, 0.010869565217391304, 0.028846153846153848, 0.019417475728155338, 0.011111111111111112, 0.009433962264150943, 0.018867924528301886, 0.01098901098901099, 0.019417475728155338, 0.022222222222222223, 0.01904761904761905, 0.018867924528301886, 0.25, 0.3333333333333333, 0.44, 0.17857142857142858, 0.45454545454545453, 0.5714285714285714, 0.3333333333333333, 0.36, 0.2413793103448276, 0.2608695652173913, 0.30434782608695654, 0.28, 0.23529411764705882, 0.2962962962962963, 0.25, 0.19444444444444445, 0.2, 0.59375, 0.26666666666666666, 0.18181818181818182, 0.4230769230769231, 0.4230769230769231, 0.4583333333333333, 0.7142857142857143, 0.18032786885245902, 0.4230769230769231, 0.4583333333333333, 0.15625, 0.21428571428571427, 0.21818181818181817, 0.36, 0.28, 0.28, 0.17721518987341772, 0.17721518987341772, 0.3055555555555556, 0.19444444444444445, 0.2054794520547945, 0.20588235294117646, 0.2, 0.6551724137931034, 0.2972972972972973, 0.2222222222222222, 0.5671641791044776, 0.18823529411764706, 0.6031746031746031, 0.2222222222222222, 0.2463768115942029, 0.25, 0.15384615384615385, 0.175, 0.11904761904761904, 0.11904761904761904, 0.14084507042253522, 0.14084507042253522, 0.5245901639344263, 0.3142857142857143, 0.323943661971831, 0.323943661971831, 0.22727272727272727, 0.30158730158730157, 0.30158730158730157, 0.1917808219178082, 0.10752688172043011, 0.13333333333333333, 0.16279069767441862, 0.16, 0.20588235294117646, 0.21212121212121213, 0.22857142857142856, 0.22857142857142856, 0.16923076923076924, 0.16923076923076924, 0.21428571428571427, 0.13559322033898305, 0.14414414414414414, 0.14545454545454545, 0.1452991452991453, 0.17857142857142858, 0.17857142857142858, 0.375, 0.375, 0.2692307692307692, 0.45454545454545453], [0.13333333333333333, 0.2903225806451613, 0.17647058823529413, 0.3333333333333333, 0.42857142857142855, 0.5333333333333333, 0.018867924528301886, 0.014925373134328358, 0.23809523809523808, 0.3684210526315789, 0.13043478260869565, 0.35294117647058826, 0.3333333333333333, 0.3076923076923077, 0.4166666666666667, 1.0, 0.36363636363636365, 0.42105263157894735, 0.4, 0.3488372093023256, 0.32, 0.14285714285714285, 0.09090909090909091, 0.2631578947368421, 0.2631578947368421, 0.3333333333333333, 0.6, 0.4375, 0.3125, 0.29411764705882354, 0.29411764705882354, 0.3, 0.5348837209302325, 0.3333333333333333, 0.3333333333333333, 0.3333333333333333, 0.16666666666666666, 0.2222222222222222, 0.35, 0.22727272727272727, 0.22727272727272727, 0.23880597014925373, 0.26785714285714285, 0.0, 0.26666666666666666, 0.01020408163265306, 0.027777777777777776, 0.027777777777777776, 0.011904761904761904, 0.020618556701030927, 0.010416666666666666, 0.012195121951219513, 0.01020408163265306, 0.02040816326530612, 0.012048192771084338, 0.010416666666666666, 0.012048192771084338, 0.020618556701030927, 0.010101010101010102, 0.3, 0.23076923076923078, 0.28, 0.11538461538461539, 0.3333333333333333, 0.3181818181818182, 0.23076923076923078, 0.7647058823529411, 0.391304347826087, 0.3157894736842105, 0.3684210526315789, 0.3333333333333333, 0.26666666666666666, 0.34782608695652173, 0.2857142857142857, 0.23809523809523808, 0.20512820512820512, 0.2702702702702703, 0.3076923076923077, 0.2, 0.2692307692307692, 0.2692307692307692, 0.4090909090909091, 0.391304347826087, 0.10344827586206896, 0.2692307692307692, 0.34782608695652173, 0.17857142857142858, 0.25, 0.2553191489361702, 0.5, 0.3333333333333333, 0.3333333333333333, 0.21428571428571427, 0.21428571428571427, 0.36507936507936506, 0.23809523809523808, 0.23076923076923078, 0.23333333333333334, 0.2222222222222222, 0.29411764705882354, 0.5172413793103449, 0.21333333333333335, 0.2597402597402597, 0.2077922077922078, 0.30985915492957744, 0.25, 0.25806451612903225, 0.1590909090909091, 0.1686746987951807, 0.19444444444444445, 0.13157894736842105, 0.13157894736842105, 0.158730